50128
51203
50325
50117
50573
50741
50779
51009
50746
50574
50110
50322
51036
51204
50119
50126
50314
51490
50784
51464
51000
51038
50748
51235
51007
51463
50783
50777
50313
50121
51053
51261
50723
50511
51295
50347
50982
50976
51098
51292
50340
50516
50724
51266
51054
50186
50529
50985
50520
50376
50978
50144
51096
50382
51250
51062
50349
51065
50385
51257
50143
51091
50371
50527
51268
50188
50518
50749
51039
50776
50120
50312
51006
51234
50782
51462
50118
51465
50785
51001
50315
50127
51491
51008
50778
51205
50575
50747
50111
50129
50116
50324
50740
50572
51030
51202
50370
50142
51090
50526
51256
51064
50519
50189
51269
51063
50383
51251
50521
50145
51097
50979
50377
50348
51055
50187
51267
51293
50341
50725
51258
50984
50528
50970
50510
50722
51294
50346
51260
51052
51099
50977
50379
50983
50039
50496
51312
50234
50006
50650
50802
50668
51118
50657
50233
51127
51315
50491
50008
50498
50037
50205
50661
51581
50453
50695
51575
51111
51323
51129
50659
51324
51116
51572
50692
50666
50202
50030
51142
51370
50269
51189
50251
50407
50438
51348
50603
50267
51187
50055
51341
50293
51173
51174
51346
50294
51180
50052
50260
50604
50436
50658
51128
50667
50455
50031
50203
51117
51325
50693
51573
50499
50009
51574
50694
51322
51110
50204
50036
51580
50660
50803
50669
51314
51126
50490
50656
50232
50038
50804
50007
50235
50651
50463
50497
51121
51313
50261
51181
50053
50437
50605
51347
50295
51175
50408
51172
51340
50292
50602
51186
50054
50266
50259
50250
50406
51349
50439
50257
51188
50268
51195
50047
50275
50611
51161
51353
50281
51159
51354
50286
51166
50424
50616
50272
51192
50040
50049
51362
51150
50412
50620
50618
50288
51168
50627
50415
50243
51365
50441
50217
50025
50819
51331
51103
51567
50687
50826
51558
51560
51104
51336
50022
50210
50446
51309
50821
51132
51300
51556
50642
50470
50014
51569
50689
50817
50013
50477
50645
50483
51307
51135
50448
51338
51169
50289
50619
51364
51156
50414
50626
50242
50048
50245
50621
50413
51151
51363
50628
50617
50425
51193
50041
50273
51167
51355
50287
51352
50280
51160
50274
51194
50046
50422
50610
50482
51134
51306
50012
50644
51339
50449
50643
50015
51301
51133
50485
51557
50816
50688
51568
50211
50023
50447
51561
51105
50820
51308
51102
51330
50686
51566
50440
50818
50024
50216
51559
50169
50955
50156
51084
50364
50700
50532
51070
50390
51048
50952
50738
50397
51077
50999
50707
50363
51083
50990
50158
50964
51273
51041
50193
50355
50167
50503
50731
50709
50399
51079
50997
50736
50504
50160
51280
50352
51046
50194
51274
51482
50306
50134
51220
51012
51476
50796
50339
50791
51471
51015
51227
50133
50301
50557
51485
51218
50568
51023
51211
50753
50561
50105
50337
51478
50798
50308
50330
50102
50566
50754
51216
51024
50559
51229
50996
51078
50962
50708
51275
51047
50195
50505
50737
51281
50353
50161
50965
50159
50991
50166
50354
50730
50502
51040
50192
51272
50739
51049
50706
50150
51082
50362
50998
51076
50954
50168
50391
51071
50365
50157
51085
50701
51025
51217
50103
50331
50755
50567
51228
50558
50560
50752
50336
50104
51210
50799
51479
50300
50132
50556
51484
51470
50790
51226
51014
50569
51219
51013
51221
50797
51477
50551
51483
50135
50307
50338
50171
50343
51291
50727
50515
50185
51057
51265
50972
50388
50986
51068
51262
50182
51050
51606
50344
51296
50981
50149
51254
50386
50988
51066
50372
50524
51059
50711
50523
51095
50147
50375
51061
51253
50381
51298
51238
50577
50745
50321
50113
51207
51035
51469
50789
50319
51456
51032
50114
50326
50742
50570
51209
51236
50780
51460
50774
50122
50310
51458
50317
50125
51493
50773
51467
50787
51231
51003
51252
50380
51060
50710
50374
51094
50146
51299
51093
50373
50525
51067
50989
51255
50387
50728
51058
50345
51297
50183
51051
51263
51607
50148
50974
51264
50184
51056
50342
50170
50514
50726
51069
50987
50973
51459
50329
50786
51466
51002
51230
50124
50316
50772
51492
50578
51208
50775
50311
50123
51237
51461
50781
50318
50788
51468
50327
50115
50571
50743
51457
51201
51033
51239
51034
51206
50744
50576
50112
50320
50060
50252
50404
51146
50609
50299
51179
51373
51141
50403
50255
50058
50297
51345
51177
50263
50051
51183
50435
50607
51148
50056
51184
50264
51170
50290
51342
50801
51329
50466
50654
51316
51124
50492
51578
50698
50208
51123
51311
50005
50237
50653
51318
50468
51327
50691
51571
50665
51585
50033
50201
50239
50206
50034
51582
51576
50696
51320
51112
50291
51343
51171
50433
50601
50265
50057
51185
50050
51182
50262
50606
50434
50296
51344
51149
50402
50254
51140
50059
51147
50253
50405
51178
50298
50608
50697
51577
51113
51321
50035
50207
50663
51583
50469
51319
51584
50664
50200
50032
51326
51114
51570
50690
50807
50209
50699
51579
50236
50004
50652
50494
51122
51328
50800
51317
50493
50655
50467
50003
51563
50683
51335
51107
50213
50445
51138
50648
50822
50442
50026
50214
51100
51332
51564
50019
50825
50489
50010
50646
50480
51136
51304
51109
51303
51131
50487
50017
50028
50814
50418
51165
50285
51357
50615
50427
50043
51191
50271
50249
50276
50044
51196
50612
50282
51350
51162
51359
50416
50624
50240
51154
50278
51198
51153
51361
50247
50623
50411
50016
51130
51302
50486
50815
50029
50481
51305
51137
50011
50647
50812
51333
51101
51565
50685
50443
50215
50027
50488
50824
50020
50212
50444
50682
51562
51106
51334
50649
50823
51139
51199
50279
50246
50410
50622
51360
51152
51358
50428
51155
50625
50417
50241
50248
51163
50283
51351
50045
51197
50277
50613
50421
50419
51369
50426
50614
50270
50042
51190
50284
51356
51164
51472
50792
51224
51016
50302
50130
51486
50554
51029
51481
50553
50305
51011
51223
50795
50333
50757
50565
51027
51215
51488
51018
51212
51020
50562
50750
50334
50106
51279
50199
50509
51074
50704
51080
50152
50360
50956
50358
50367
51087
50969
50531
50703
51241
51073
50960
50994
51248
50507
50735
50351
50163
51277
50197
51045
50993
50369
51089
50967
50190
51042
50164
50958
50356
50732
50500
50751
50563
50107
50335
51021
51213
51214
51026
50332
50564
50756
51019
51489
51222
51010
51474
50794
51480
50552
50304
50136
50109
50131
50303
51487
50555
50793
51473
51017
51225
51028
50966
51088
50368
50992
50357
50959
50501
50733
51271
50191
51249
50995
50961
50196
51044
51276
50162
50350
51282
50359
50957
51072
51240
50968
51086
50366
50702
50530
50198
51278
50705
50361
51081
50153
51075
